$ 1 0.000005 10.20027730826997 50 5 50
165 208 160 320 160 6 8.571719903370144e-8
g 304 320 304 336 0 0
w 272 128 336 128 0
w 336 128 336 192 0
R 272 32 272 16 0 0 40 12 0 0 0.5
w 272 32 272 128 0
c 272 336 272 384 0 2.0000000000000002e-7 6.769230769230623 0.001
w 272 336 272 320 0
g 272 384 272 400 0 0
w 144 32 272 32 0
w 336 224 336 256 0
w 336 256 368 256 0
w 80 336 272 336 0
w 192 256 192 288 0
t 96 176 64 176 1 1 0 0.5391463250982871 100
t 96 176 128 176 1 1 -5.178380717128845 0.5391463250982871 100
w 64 144 128 144 0
w 128 144 208 144 0
w 208 144 208 192 0
w 96 32 144 32 0
d 128 256 128 192 2 default
w 96 208 64 208 0
w 64 208 64 192 0
w 64 160 64 144 0
w 128 160 128 144 0
w 208 288 192 288 0
c 128 256 128 304 0 0.000001 6.05561815595571 0.001
g 128 304 128 320 0 0
w 368 288 368 256 0
w 368 256 432 256 0
w 432 256 432 288 0
d 192 352 192 288 2 default
w 192 352 192 400 0
w 192 400 368 400 0
w 368 400 368 320 0
t 400 304 368 304 0 -1 -0.3533519654051407 0.008528767090278716 100
t 400 304 432 304 0 -1 0 0.008528767090278716 100
w 400 304 400 336 0
w 400 336 432 336 0
w 432 336 432 320 0
g 432 400 432 416 0 0
r 32 272 32 336 0 17000
r 32 336 32 400 0 10000
g 32 400 32 416 0 0
w 96 32 32 32 0
w 32 32 32 272 0
w 80 336 32 336 0
w 128 256 192 256 0
w 192 256 208 256 0
w 96 208 96 176 0
w 96 176 96 112 0
174 432 400 432 336 1 100000 0.005 Resistance
174 96 112 96 48 1 100000 0.005 Resistance
w 96 48 96 32 0
w 80 80 64 80 0
w 64 80 64 112 0
w 64 112 96 112 0
w 416 368 400 368 0
w 400 368 400 400 0
w 400 400 432 400 0
o 11 64 0 4099 20 0.00078125 0 2 11 3
o 29 64 0 4099 20 0.000390625 1 2 29 3
o 47 64 0 4099 10 0.000390625 2 2 47 3
